rule legacy_yara
{
	//Input TP Rate:
	//8/50
	strings:
		//Benign FP est: -0.0 Malicious FP est: -0.0 Entropy: 3.04937981447885 Found in 5 files
		$x0 = { 20 00 6E 00 6F 00 74 00 20 00 61 00 6C 00 6C 00 6F 00 77 00 65 00 64 00 20 00 6F 00 6E 00 20 00 73 00 6F 00 72 00 74 00 65 00 64 00 20 00 6C 00 69 00 73 00 74 00 24 00 25 00 73 00 20 00 6E 00 6F 00 74 00 20 00 69 00 6E 00 20 00 61 00 20 00 63 00 6C 00 61 00 73 00 73 00 20 00 72 00 65 00 67 00 69 00 73 00 74 00 72 00 61 00 74 00 69 00 6F 00 6E 00 20 00 67 00 72 00 6F 00 75 00 70 00 1A 00 50 00 72 00 6F 00 70 00 65 00 72 00 74 00 79 00 20 00 25 00 73 00 20 00 64 00 6F 00 65 00 73 00 20 00 6E 00 6F 00 74 00 20 00 65 00 78 00 69 00 73 00 74 00 12 00 53 00 74 00 72 00 65 00 61 00 6D 00 20 00 77 00 72 00 69 00 74 00 65 00 20 00 65 00 72 00 72 00 6F 00 72 00 19 00 54 00 68 00 72 00 65 00 61 00 64 00 20 00 63 00 72 00 65 00 61 00 74 00 69 00 6F 00 6E 00 20 00 65 00 } 
		//Benign FP est: -0.0 Malicious FP est: -0.0 Entropy: 3.260595070837775 Found in 8 files
		$x1 = { 63 00 65 00 70 00 74 00 69 00 6F 00 6E 00 20 00 25 00 73 00 20 00 69 00 6E 00 20 00 6D 00 6F 00 64 00 75 00 6C 00 65 00 20 00 25 00 73 00 20 00 61 00 74 00 20 00 25 00 70 00 2E 00 0D 00 0A 00 25 00 73 00 25 00 73 00 0D 00 0A 00 11 00 41 00 70 00 70 00 6C 00 69 00 63 00 61 00 74 00 69 00 6F 00 6E 00 20 00 45 00 72 00 72 00 6F 00 72 00 31 00 46 00 6F 00 72 00 6D 00 61 00 74 00 20 00 27 00 25 00 73 00 27 00 20 00 69 00 6E 00 76 00 61 00 6C 00 69 00 64 00 20 00 6F 00 72 00 20 00 69 00 6E 00 63 00 6F 00 6D 00 70 00 61 00 74 00 69 00 62 00 6C 00 65 00 20 00 77 00 69 00 74 00 68 00 20 00 61 00 72 00 67 00 75 00 6D 00 65 00 6E 00 74 00 1B 00 4E 00 6F 00 20 00 61 00 72 00 67 00 75 00 6D 00 65 00 6E 00 74 00 20 00 66 00 6F 00 72 00 20 00 66 00 6F 00 72 00 6D 00 61 00 } 
		//Benign FP est: -0.0 Malicious FP est: -0.0 Entropy: 3.168293320511333 Found in 7 files
		$x2 = { 20 00 4F 00 6E 00 53 00 68 00 6F 00 77 00 20 00 6F 00 72 00 20 00 4F 00 6E 00 48 00 69 00 64 00 65 00 22 00 43 00 61 00 6E 00 6E 00 6F 00 74 00 20 00 6D 00 61 00 6B 00 65 00 20 00 61 00 20 00 76 00 69 00 73 00 69 00 62 00 6C 00 65 00 20 00 77 00 69 00 6E 00 64 00 6F 00 77 00 20 00 6D 00 6F 00 64 00 61 00 6C 00 17 00 4D 00 65 00 6E 00 75 00 20 00 69 00 6E 00 64 00 65 00 78 00 20 00 6F 00 75 00 74 00 20 00 6F 00 66 00 20 00 72 00 61 00 6E 00 67 00 65 00 13 00 4D 00 65 00 6E 00 75 00 20 00 69 00 6E 00 73 00 65 00 72 00 74 00 65 00 64 00 20 00 74 00 77 00 69 00 63 00 65 00 17 00 53 00 75 00 62 00 2D 00 6D 00 65 00 6E 00 75 00 20 00 69 00 73 00 20 00 6E 00 6F 00 74 00 20 00 69 00 6E 00 20 00 6D 00 65 00 6E 00 75 00 1B 00 4E 00 6F 00 74 00 20 00 65 00 6E 00 6F 00 } 
		//Benign FP est: -0.0 Malicious FP est: -0.0 Entropy: 3.219631510781824 Found in 7 files
		$x3 = { 69 00 63 00 61 00 74 00 69 00 6F 00 6E 00 20 00 45 00 72 00 72 00 6F 00 72 00 31 00 46 00 6F 00 72 00 6D 00 61 00 74 00 20 00 27 00 25 00 73 00 27 00 20 00 69 00 6E 00 76 00 61 00 6C 00 69 00 64 00 20 00 6F 00 72 00 20 00 69 00 6E 00 63 00 6F 00 6D 00 70 00 61 00 74 00 69 00 62 00 6C 00 65 00 20 00 77 00 69 00 74 00 68 00 20 00 61 00 72 00 67 00 75 00 6D 00 65 00 6E 00 74 00 1B 00 4E 00 6F 00 20 00 61 00 72 00 67 00 75 00 6D 00 65 00 6E 00 74 00 20 00 66 00 6F 00 72 00 20 00 66 00 6F 00 72 00 6D 00 61 00 74 00 20 00 27 00 25 00 73 00 27 00 22 00 56 00 61 00 72 00 69 00 61 00 6E 00 74 00 20 00 6D 00 65 00 74 00 68 00 6F 00 64 00 20 00 63 00 61 00 6C 00 6C 00 73 00 20 00 6E 00 6F 00 74 00 20 00 73 00 75 00 70 00 70 00 6F 00 72 00 74 00 65 00 64 00 04 00 52 00 } 
		//Benign FP est: -0.0 Malicious FP est: -0.0 Entropy: 3.3597899813972036 Found in 7 files
		$x4 = { 6F 00 6E 00 20 00 57 00 6F 00 72 00 6B 00 73 00 70 00 61 00 63 00 65 00 0A 00 42 00 61 00 63 00 6B 00 67 00 72 00 6F 00 75 00 6E 00 64 00 0B 00 42 00 75 00 74 00 74 00 6F 00 6E 00 20 00 46 00 61 00 63 00 65 00 10 00 42 00 75 00 74 00 74 00 6F 00 6E 00 20 00 48 00 69 00 67 00 68 00 6C 00 69 00 67 00 68 00 74 00 0D 00 42 00 75 00 74 00 74 00 6F 00 6E 00 20 00 53 00 68 00 61 00 64 00 6F 00 77 00 0B 00 42 00 75 00 74 00 74 00 6F 00 6E 00 20 00 54 00 65 00 78 00 74 00 0C 00 43 00 61 00 70 00 74 00 69 00 6F 00 6E 00 20 00 54 00 65 00 78 00 74 00 07 00 44 00 65 00 66 00 61 00 75 00 6C 00 74 00 09 00 47 00 72 00 61 00 79 00 20 00 54 00 65 00 78 00 74 00 14 00 48 00 69 00 67 00 68 00 6C 00 69 00 67 00 68 00 74 00 20 00 42 00 61 00 63 00 6B 00 67 00 72 00 6F 00 75 00 } 

		condition:
(3 of ($x0,$x1,$x2,$x3,$x4) )}